3212
6209
1820
1785
3145
2711
3930
161
3564
5098
3060
2556
1778
1438
1310
2790
2983
2586
2067
3834
4201
5752
5116
2514
2474
6436
288
5777
3944
6456
3257
3793
6108
772
496
2426
683
4405
5809
454
5061
3360
2989
2488
3660
3791
1337
4366
2117
1975
1744
1126
6112
4633
4390
204
5486
5188
814
1234
4608
1740
4671
3850
2004
4484
6336
5152
2971
2134
6283
3769
3245
3712
803
6194
461
3414
580
3805
4985
1987
587
887
4702
6442
5135
5642
5020
813
5748
843
2191
1448
5767
917
3340
2599
4874
4485
3111
5123
4511
3936
5746
6329
249
6318
1980
231
6509
6045
4160
6523
3666
5244
3354
3158
769
3453
6122
6414
5979
4996
268
6284
702
920
5256
3280
313
3332
775
4069
5769
4221
2981
5852
2176
5841
1812
2444
1043
4123
6358
3856
3397
4151
3882
3342
5736
235
1170
5761
5317
694
2277
4897
341
1347
5967
3770
3543
6438
5937
227
9
4547
1455
5091
2752
2111
5869
6342
5498
3070
3638
2470
446
6182
861
5364
4504
4632
1494
1650
3633
2427
5346
1995
764
4880
5186
1983
179
6516
2333
1298
604
5595
3079
5278
3986
3324
2040
267
4263
1535
1411
5758
3994
1064
2695
2662
2179
2949
6453
4178
2757
6474
3987
5086
5784
5783
4026
2249
2033
771
4531
4272
5057
2602
4533
5750
2148
299
4295
774
6207
5389
73
4782
2297
1228
6144
4101
2347
203
5438
4875
1389
856
132
121
3785
193
5954
2986
2574
4785
3521
1172
924
5162
4361
3597
5115
3352
5956
5404
4264
726
6384
2368
442
217
6118
143
6273
3958
3051
2311
335
6307
4614
4848
3225
2714
1854
4594
4277
5155
929
5363
5320
5322
5308
5095
3334
2734
2644
2438
46
5827
5249
214
3852
831
6387
6411
86
619
5491
2567
2195
4162
3078
1370
427
5705
75
5008
4528
5904
5573
996
2621
2379
1692
5633
5207
1598
937
4638
4515
3869
3586
1036
725
5725
3258
6086
4247
2078
5468
5370
5120
1838
5646
3686
1335
6451
6406
6351
4041
4967
1331
252
6413
5344
2721
2218
1243
4784
3949
3464
5231
3367
3250
1808
5855
3481
1959
5968
1790
358
4708
3725
3341
1701
5170
3919
2743
919
618
6383
3727
6043
4326
4242
2926
6299
3799
3206
1382
889
3404
1640
1119
816
615
4225
2828
2691
2317
359
4988
3874
3162
3088
911
590
5738
5378
4839
4131
4050
4000
2080
1524
3979
2764
2550
1739
6392
3152
5462
4652
4600
4211
1409
1248
4388
3948
3361
3196
5456
2092
1318
5457
5218
2370
1465
804
3271
3049
2492
5983
5584
2175
2069
2039
874
651
6191
2781
2569
5788
5271
4433
6314
3482
1317
5757
3577
6117
4363
3730
3265
1092
486
5366
3745
1187
6271
6039
5866
5589
5495
5453
3490
2335
2198
1713
17
5833
5551
1521
1088
1068
547
6080
324
2892
1633
290
6445
5375
3999
2448
1925
2360
845
5199
5126
5025
4673
1665
1333
4255
2538
1691
1167
511
94
6163
5385
5183
4789
5021
2108
1986
1647
1345
99
6247
5417
4257
4166
3281
3076
5896
2480
2300
1090
6324
5949
5197
4550
3959
1116
266
209
6433
5624
5497
5425
5423
5156
4544
3937
3614
3323
198
3416
2847
2318
1791
1343
1151
6005
4425
838
6036
5177
4285
2122
1010
6017
4713
3615
3534
3028
2313
1644
1595
1206
6429
5946
5252
4486
4129
2770
2146
952
37
5211
4821
2724
891
5014
4748
4119
3106
1242
1077
6367
6240
5942
5525
5522
4703
3775
2118
1566
515
508
5864
5331
4303
4022
2467
2006
1636
1527
1027
807
300
3127
2532
2031
597
5096
4902
4454
3476
3269
3164
3150
2947
2916
2103
1736
833
487
27
6404
6371
6169
5461
4775
4216
4128
4042
4001
3794
2972
2204
2201
6514
6328
4316
4313
4300
3965
1948
1848
993
967
5494
4969
4401
4385
4091
3276
1813
1537
1366
5891
5644
5503
5093
4876
4635
1737
1255
5751
5648
5643
5349
5246
4793
2664
682
5678
4828
3920
3447
2260
271
6450
5058
3814
2617
2163
959
930
32
6434
5230
4637
4615
3838
3595
2348
186
5909
5683
4416
3159
2747
1154
1061
847
819
748
6469
6321
6099
4052
3585
3530
3198
3192
3080
1839
1165
981
938
728
605
360
5874
5811
5759
5307
4586
4427
2839
2489
2010
1047
666
8
6331
5396
4598
4579
3923
3735
2859
2756
2446
2381
1994
1555
1258
998
383
323
226
6308
6266
6091
5795
5760
5019
4349
4269
2824
2653
2451
1899
1543
895
136
6311
6198
4851
4841
4399
4177
2928
2661
2445
2152
1758
1380
1269
1256
1218
669
397
50
5975
5849
5303
5296
4251
4061
3356
3181
2594
2593
2086
1525
1484
1293
857
655
610
5771
5533
5489
5198
4724
4663
4580
4505
3970
3161
2888
2579
1730
1511
735
6106
6087
4408
4308
3935
3545
3407
3378
3348
3316
3154
3131
2978
2641
2292
2181
2035
788
478
434
6476
6013
5848
5808
4805
4763
4453
4105
3847
3671
3570
2973
2929
2645
2144
2012
1826
1746
1690
1671
1245
481
13
6527
6094
5766
5602
5450
4906
4576
4009
3927
3721
3637
3428
3264
3226
2945
2921
2884
2607
441
273
98
6305
6228
6003
5629
5476
5318
4806
4716
4712
4428
4268
4171
4051
3552
3462
3347
3184
3083
2861
2704
2270
1999
1272
954
707
527
399
6218
5729
5290
5212
5094
4552
4445
4287
4217
4154
3761
2737
2692
2337
2073
1303
1152
1059
253
196
78
6272
6114
6041
5837
5775
5701
5436
5259
5185
5078
4443
3859
3779
3594
2795
2674
1920
1193
1067
910
823
258
6004
5851
5406
5337
4606
4543
4243
3825
3679
3345
2473
2074
1897
716
657
6375
6081
5169
4765
4730
4651
4557
4452
3943
3763
3652
3573
3531
3411
3320
3240
2919
2894
2844
2753
2377
2165
2153
2126
2079